stellar mass (Msun)
1

transit depth
0.0000837

transit length (hours)
13.1

radial velocities [(MJD=59731+), (m/s)]
time,rv
845.9491194006800,-0.03350176225227640			
419.8703991732370,0.05025727559388750			
715.1384415152250,0.08419280861986500			
887.8917056902210,-0.07675775441335250			
766.0542492844390,0.07005349598792380			
370.8311568214940,0.08548537402377570			
358.7186691700000,0.08342146735000660			
734.4789621091590,0.08488525838286840			
555.6856309206790,-0.08502484736239550			
722.3929183134300,0.08464055796098320			
844.7615512400150,-0.03309859220448030			
158.0042518896370,-0.07920009811070850			
474.2894199568650,-0.02407844011693740			
615.1258119155680,-0.03385749391306860			
615.1558525737840,-0.03272252270002120			
670.2023234874110,0.04195996230304000			
268.2653603899170,-0.00728695692957662			
320.5752140992110,0.06122158423516040			
554.5367119296580,-0.08409655655993490			
58.6777922104538,0.04590437670548090			
761.0692682996610,0.07369779587265870			
815.9408566457610,0.00849362006134137			
819.1796441274000,0.00492711329591185			
514.0388185252300,-0.06952411472647580			
759.4302303457710,0.07623923561952670			
15.8262871525925,0.08326517323592940			
141.4712944949900,-0.06484185483696140			
811.7284674392350,0.01674765958106190			
403.1141631921440,0.06724597632236210			
302.6484847941600,0.04007845304903400			
335.8401254114520,0.07405797877424290			
448.9980904240920,0.01215912853975160			
36.3077041239177,0.06751369447629610			
2.1828351194620,0.08531102781180740			
823.0418539934390,-0.00121611610817083			
845.8514921392310,-0.03401966868414500			
265.4802106258680,-0.01216116393437500			
141.0610362612310,-0.06537242937599190			
567.0292678665000,-0.08154699565537330			
694.6460130071550,0.06979667045174640			
64.4598313393811,0.03824287098186980			
700.3391982433120,0.07302176189197620			
526.8783989159360,-0.08069022754653680			
242.9970633805480,-0.04286648890411110			
297.6769793306970,0.03463027709861200			
442.0687471220730,0.02070382471066200			
216.7473790791820,-0.07048712240160470			
730.1784410497860,0.08314759389975790			
355.5151872026160,0.08303540171318550			
824.8643120842190,-0.00511079375175939			
742.5158454766660,0.08335119031971750			
483.2938286033700,-0.03808985829796030			
28.5744685169021,0.07623582515915670			
286.8759270968890,0.01824810193782680			
507.7578124990580,-0.06671209022525490			
145.3553976079960,-0.06886814010250720			
520.7273385590150,-0.07746329063402140			
754.3746749297910,0.07598805490532860			
559.0386560126470,-0.08132378209913340			
107.0595959070050,-0.02318908445611040			
403.1312726380330,0.06552732454290870			
416.4523347818050,0.05270250107701400			
250.9181979365880,-0.03398620157386280			
415.6567305516460,0.05565513684924240			
259.6574189077270,-0.02178040314934390			
596.1661033212610,-0.05969590894450720			
667.7312833494540,0.03933450948911900			
114.6620599792010,-0.03043342123021750			
274.6125488190080,0.00111703399515887			
476.9189193514090,-0.02939229951997200			
776.4037641216920,0.05953870051783420			
257.8270792751410,-0.02308789242042950			
407.8900281554310,0.06389477154313590			
324.5887656319900,0.06382671716882380			
406.9937774533950,0.06304608754949830			
855.7875263912020,-0.04743491678230660			
209.0558476638900,-0.07722481560825860			
184.8257065131180,-0.08319041429246720			
662.4169250356450,0.03184183184324250			
733.7268363395150,0.08570294564093710			
675.5071494332940,0.04901139664775570			
39.2509282677651,0.06723728563462850			
660.8797322959480,0.03089954547688290			
562.3980637940210,-0.08171469531185530			
346.8953399680960,0.08221637259773170			
676.9715449034000,0.05195367235240990			
369.4584755620610,0.08478258288208110			
577.9618750415620,-0.07337912324165600			
680.9914443502170,0.05759018363742780			
369.7764827208180,0.08544666651052230			
239.7374710472310,-0.04775985402269620			
557.7948370724700,-0.08378020148021600			
602.7356184201990,-0.04945695033064420			
358.5869518530890,0.08524056534411310			
816.0887821938620,0.00811073283106520			
2.8820111712206,0.08489735253762700			
450.6253802259600,0.00833422311979605			
484.2664743447270,-0.03896809046469520			
747.3395250376220,0.08124678964173700			
449.1926999928720,0.01016135542855500			